6.79665	6.81604	6.81141	6.81542	6.82204	6.84609	6.84061	6.86199
7.0003	7.06496	6.99200	6.98873	6.96624	6.97700	6.99716	7.05322
6.51515	6.65288	6.57645	6.74301	6.58709	6.44741	6.43249	6.36809
6.39436	6.37534	6.42913	6.53776	6.41849	6.43191	6.34094	6.44838
6.64430	6.64616	6.77603	6.54627	6.53277	6.32505	6.48791	6.44194
6.64893	6.53841	6.64539	6.70979	6.79236	6.64294	6.52481	6.38562
6.89971	6.73771	6.91669	6.87295	6.86365	6.86393	6.79206	6.68613
6.87218	6.88556	6.92972	6.78889	6.81896	6.87755	6.79137	6.59639

4.21086	4.10695	4.22199	4.04842	4.04209	4.00076	4.04177	4.10792
4.12933	4.0796	4.02354	4.10182	4.02873	4.22885	3.97558	4.02414
3.82704	3.70361	3.62196	3.68737	3.63339	3.51776	3.56704	3.30373
3.48884	3.42766	3.60266	3.62698	3.48623	3.42275	3.35673	3.26964
3.80150	3.63002	3.79392	3.60861	3.60504	3.43519	3.39323	3.29701
3.64432	3.67671	3.58533	3.52838	3.44084	3.38760	3.41448	3.47851
4.25146	3.83521	4.02234	3.95888	3.81511	3.61750	3.61782	3.56268
3.73871	3.59138	3.69437	3.61302	3.47860	3.53167	3.41838	3.29079

1 1 1 1 1 1

5	5	5	5	5	5	5
5	5	5	5	5	5	5
5	5	5	5	5	5	5
5	5	5	5	5	5	5
1 1 1 1

0.00	0.00	0.00	0.00	0.00	0.00	0.00	0.00
0.00	0.00	0.00	0.00	0.00	0.00	0.00	0.00
755.94	407.27	649.03	165.01	632.98	1113.33	1194.39	1537.22
754.96	832.85	692.03	376.64	766.62	741.33	1031.39	764.87
-192.33	-144.04	-473.04	287.36	402.55	1091.11	593.90	810.64
8.91	405.50	-30.19	-241.90	-473.14	71.67	500.43	1033.61
-1038.19	-533.73	-1082.90	-1017.02	-952.55	-907.16	-662.27	-265.55
-403.44	-340.18	-439.21	54.40	19.89	-134.83	164.96	874.98

0.00	0.00	0.00	0.00	0.00	0.00	0.00	0.00
0.00	0.00	0.00	0.00	0.00	0.00	0.00	0.00
452.88	471.32	635.24	279.82	570.04	747.35	771.64	821.93
520.23	713.11	597.01	431.26	742.27	659.11	788.16	834.91
145.17	319.79	129.16	459.49	532.00	561.83	656.87	668.65
217.04	226.40	317.78	529.10	289.50	514.97	447.66	716.42
-151.30	178.33	-215.96	127.97	99.80	391.74	365.06	612.68
82.83	283.90	-47.81	403.66	340.54	449.28	343.13	738.03

0 0 0 0 0 0

0	0	0	0	0	0	0
0	0	0	0	0	0	0
0	0	0	0	0	0	0
0	0	0	0	0	0	0
0 0 0 0

0 0 0 0 0 0

0	0	0	0	0	0	0
0	0	0	0	0	0	0
0	0	0	0	0	0	0
0	0	0	0	0	0	0
0 0 0 0

1 1 1 1 1 1
						
1	1	1	1	1	1	1
1	1	1	1	1	1	1
1	1	1	1	1	1	1
1	1	1	1	1	1	1
1 1 1 1
