7.1525	7.1088	7.1256	7.3092	7.1475	7.2052	7.3303	7.3101
7.2247	7.1763	7.2522	7.2830	7.2177	7.3162	7.3640	7.6030
7.1953	7.0734	7.1958	7.1850	7.3305	7.3042	7.3183	7.4090
7.0112	7.0993	7.0210	6.9947	7.0548	7.0939	7.0759	7.2897
7.0018	6.9797	7.0830	7.1313	7.0488	7.1397	7.0817	7.1884
7.0678	7.1002	7.1555	7.1114	7.0715	7.1775	7.2914	7.2762
6.9861	7.0084	6.9134	6.9860	6.8976	7.0658	6.9973	7.0112
7.1928	7.3091	7.3294	7.2689	7.3540	7.3106	7.3827	7.4536


4.1181	4.0911	4.2021	3.9508	4.0249	3.9671	4.0160	4.0265
4.0969	4.1169	4.0493	4.0707	3.9986	4.2517	3.9196	3.9379
4.0827	4.0058	3.9670	3.8261	3.8849	3.9493	4.0546	3.7248
3.7273	3.8061	3.9805	3.8993	3.9025	3.8388	3.8140	3.6851
3.9983	3.9128	3.9218	3.9275	4.0435	3.8716	3.9281	3.7700
3.8924	3.9291	3.8923	3.9536	3.7755	3.7839	3.7726	4.0072
4.2442	4.1455	4.1914	4.2227	4.0942	3.9574	3.9867	4.0900
3.9348	3.8376	3.8333	4.0467	3.8148	3.9121	3.7346	3.8341


1 1 1 1 1 1

4.55382	4.52454	4.13453	4.08890	1.00000	3.93867	3.96353
4.02173	1.00000	1.00000	4.03583	3.99873	1.00000	3.85782
4.02617	3.99466	3.96595	3.42297	3.81144	3.69663	3.88459
3.74457	3.86550	3.86121	3.61140	3.74701	3.77422	3.85482
3.80445	3.77966	1.00000	1.00000

-1133.41	-1088.24	-1117.20	-1382.40	-1167.07	-1276.72	-1443.69	-1404.68
-925.39		-841.97		-986.68		-1058.58	-994.37		-1138.98	-1213.62	-1522.02
-1381.17	-1219.49	-1408.55	-1401.57	-1595.24	-1573.70	-1584.66	-1728.84
-1326.24	-1476.46	-1366.97	-1338.29	-1444.23	-1522.94	-1513.18	-1828.25
-1185.78	-1150.49	-1313.04	-1385.03	-1265.14	-1401.47	-1335.76	-1479.12
-1349.45	-1403.20	-1522.39	-1466.10	-1418.99	-1587.14	-1756.50	-1718.89
-1097.62	-1135.02	-1022.70	-1119.88	-1013.84	-1259.24	-1177.52	-1197.88
-1246.56	-1392.62	-1422.39	-1363.76	-1464.21	-1420.82	-1547.85	-1618.73

-3.14	-16.14	-32.90	8.48	-16.35	-5.91	-17.46	-2.48
-28.57	-45.27	-35.97	-19.91	-18.94	-53.21	15.91	-5.79
-18.60	-27.73	0.46	-4.64	20.86	-24.69	-34.48	18.69
-6.77	-15.25	-13.03	-31.84	5.00	-43.66	-5.86	6.17
-306.47	-249.87	-187.12	-170.52	-213.44	-285.30	-252.86	-250.82
-325.48	-274.69	-311.01	-243.54	-355.80	-207.49	-260.77	-218.46
-293.51	-409.36	-525.83	-401.21	-354.99	-287.30	-344.79	-282.82
-337.52	-242.98	-369.75	-345.84	-340.60	-311.17	-362.03	-281.25

0 0 0 0 0 0

-527.7	-574.4	-454.7	-445.4	0.0	-393.0	-428.9
-426.5	0.0	0.0	-458.2	-433.5	0.0	-388.2
-425.7	-483.7	-504.2	-124.5	-403.7	-442.0	-392.9
-382.3	-382.6	-392.0	-458.9	-427.1	-439.3	-514.9
-353.7	-379.2	0.0	0.0

0 0 0 0 0 0

34	30	23	-18	0	12	22
16	0	0	24	13	0	16
16	14	10	22	14	16	14
14	12	9	11	14	10	14
10	9	0	0

1 1 1 1 1 1
						
1	1	1	1	1	1	1
1	1	1	1	1	1	1
1	1	1	1	1	1	1
1	1	1	1	1	1	1
1 1 1 1
